0.000000000000000000e+00
0.000000000000000000e+00
1.200837607085521782e-03
-6.021568820399797505e-04
2.130416983448388691e-03
-9.243530477722969058e-04
3.026873896664875399e-03
-1.130726356202539336e-03
3.895012367211430314e-03
-1.294841980510168418e-03
4.710357103732857459e-03
-1.432098312901812888e-03
5.428016364604705719e-03
-1.538439604948567537e-03
5.977029983160516563e-03
-1.577753522210149136e-03
6.261149316837127422e-03
-1.397914244155067792e-03
6.301582255671884722e-03
-7.860102155698452499e-04
6.591553598149954910e-03
-7.251579714923236898e-04
7.016798856178148650e-03
-6.315446456200478169e-04
7.594644179188751731e-03
-5.222771503477697435e-04
8.317224401467447625e-03
-4.332053763727629629e-04
9.245531012352547345e-03
-3.518311491705613603e-04
1.027894492998078155e-02
-3.461010620383382511e-04
1.130814668977346039e-02
-4.160653738026580113e-04
1.240989699184447646e-02
-4.593909665707069951e-04
1.346919390129036262e-02
-5.894388571395117824e-04
1.490583619104312446e-02
-7.949150686340934052e-04
1.617254073075612836e-02
-9.400536595473912502e-04
1.739646417436434972e-02
-1.018228832270971036e-03
1.860871056080641919e-02
-1.062810018783837086e-03
1.981941181578389735e-02
-1.085246994022279199e-03
2.103288384630465704e-02
-1.096542971793430929e-03
2.225003300110429613e-02
-1.101099756104355907e-03
2.347033201438521177e-02
-1.104609425784019473e-03
2.469232188826861116e-02
-1.108827692510325506e-03
2.468772554539847008e-02
-8.337946111342313350e-04
2.468224351009875792e-02
-5.574416420068736529e-04
2.467813556324232119e-02
-2.792712027904991723e-04
2.467662794313497249e-02
0.000000000000000000e+00
2.353766534916455419e-02
0.000000000000000000e+00
2.239826725321202722e-02
0.000000000000000000e+00
2.125853560622008656e-02
0.000000000000000000e+00
2.011872137118729878e-02
0.000000000000000000e+00
1.898250966730299222e-02
0.000000000000000000e+00
1.785161498746608982e-02
0.000000000000000000e+00
1.673266662385978695e-02
0.000000000000000000e+00
1.564627571395864336e-02
0.000000000000000000e+00
1.459379835726650788e-02
0.000000000000000000e+00
1.360079578249801836e-02
0.000000000000000000e+00
1.265700284657039244e-02
0.000000000000000000e+00
1.175153992533462324e-02
0.000000000000000000e+00
1.086871276851174642e-02
0.000000000000000000e+00
1.000105628453384909e-02
0.000000000000000000e+00
9.145986704689530733e-03
0.000000000000000000e+00
8.316921726467817882e-03
0.000000000000000000e+00
7.519556086351179836e-03
0.000000000000000000e+00
6.755179882363303995e-03
0.000000000000000000e+00
6.024629450884344713e-03
0.000000000000000000e+00
5.321268894112983830e-03
0.000000000000000000e+00
4.647245505191463684e-03
0.000000000000000000e+00
3.994637975189722912e-03
0.000000000000000000e+00
3.367949869679183993e-03
0.000000000000000000e+00
2.759680266409330826e-03
0.000000000000000000e+00
2.167544554414525121e-03
0.000000000000000000e+00
1.594240247253820523e-03
0.000000000000000000e+00
1.042410270367139825e-03
0.000000000000000000e+00
5.118198349494069771e-04
0.000000000000000000e+00
0.000000000000000000e+00
0.000000000000000000e+00
0.000000000000000000e+00
0.000000000000000000e+00
0.000000000000000000e+00
0.000000000000000000e+00
0.000000000000000000e+00
0.000000000000000000e+00
0.000000000000000000e+00
0.000000000000000000e+00
0.000000000000000000e+00
0.000000000000000000e+00
0.000000000000000000e+00
0.000000000000000000e+00
0.000000000000000000e+00
0.000000000000000000e+00
0.000000000000000000e+00
0.000000000000000000e+00
1.942370255037229032e-04
-3.449216233196768995e-06
7.028447143828037754e-04
-1.726887301618097484e-05
1.222148919596225281e-03
-2.892800359703077956e-05
1.768494006644503102e-03
-4.155911096532412794e-05
2.331112306669328154e-03
-5.257137045625969173e-05
2.912448114480846884e-03
-6.225325930015685534e-05
3.507311432267536805e-03
-7.115741598035879795e-05
4.120956157831581410e-03
-8.137218500783815719e-05
4.761123723559783187e-03
-8.934201316856115740e-05
5.419221058022699600e-03
-9.797019244745717960e-05
6.107314799139297243e-03
-1.035608841824792176e-04
6.820128359729428491e-03
-1.094251361386196816e-04
7.565844354437108524e-03
-1.117280405649082557e-04
8.342189712277948282e-03
-1.088448994140146911e-04
9.144220664196798035e-03
-9.999444948382069293e-05
9.980271635409983938e-03
-8.502291279537947026e-05
1.082402602242749957e-02
-6.388873132446417160e-05
1.168365063607195754e-02
-4.333588517010595936e-05
1.256360395581123876e-02
-3.146198510484713779e-05
1.348023973875358932e-02
-3.299969857790454859e-05
1.443853347283007016e-02
-4.764386878508265711e-05
1.545984024015275952e-02
-6.854908405171778558e-05
1.650991856063076246e-02
-8.354690987255639718e-05
1.759628453649398835e-02
-9.702191106333896587e-05
1.869579530875640008e-02
-1.033706735575499666e-04
1.979991848245744868e-02
-1.071127886451698672e-04
2.090938151543372814e-02
-1.093254877455584611e-04
2.201855099037161589e-02
-1.102619394263351101e-04
2.312782295718290512e-02
-1.107058832048638902e-04
2.423661278889394782e-02
-1.113948568909773885e-04
1.950709617320603505e-04
-1.481736922905034836e-05
7.002952383039182408e-04
-5.134276977932477330e-05
1.225377854522887063e-03
-8.787120271481586658e-05
1.770391219704119329e-03
-1.230635225971877438e-04
2.327640914385236109e-03
-1.556304062492855941e-04
2.901471429416942194e-03
-1.864681732075169505e-04
3.500781531798956119e-03
-2.142703936707753606e-04
4.112290744032870253e-03
-2.405418161485498789e-04
4.740960232604819746e-03
-2.675764684157577885e-04
5.397634899578201105e-03
-2.901409642177303280e-04
6.072745344658200470e-03
-3.102265064647102659e-04
6.777023210032244276e-03
-3.260831228793098784e-04
7.512973143274682963e-03
-3.305875204433473516e-04
8.279760794610770136e-03
-3.244694942289360695e-04
9.075347086177441153e-03
-3.012818709640077610e-04
9.894385455831171752e-03
-2.533622818446515986e-04
1.074186778876606851e-02
-1.936453587120613772e-04
1.161212468835005028e-02
-1.301899802628901572e-04
1.249706634140119836e-02
-9.489041370681666927e-05
1.341961975729980168e-02
-9.888940618670336675e-05
1.440605732950171226e-02
-1.516031716688108857e-04
1.543318148799871503e-02
-2.066960713775281024e-04
1.650611036283905833e-02
-2.571810382594467612e-04
1.759494661559814557e-02
-2.912789364670541965e-04
1.869427043771227509e-02
-3.101462542987367126e-04
1.980301436597175710e-02
-3.222235182103711610e-04
2.091170608261313721e-02
-3.279399395591103285e-04
2.202117957415507948e-02
-3.307111641628391642e-04
2.313004482800103470e-02
-3.320730621730150038e-04
2.423849963494042678e-02
-3.337885587977878371e-04
1.964771892153157479e-04
-2.450930394965899242e-05
6.958163337279781209e-04
-8.601059735477290381e-05
1.226259106991672843e-03
-1.473083819686620422e-04
1.766627979580562714e-03
-2.048587867922256188e-04
2.324019809597707535e-03
-2.578010966830323420e-04
2.901119738706168464e-03
-3.074609067129358670e-04
3.484347160975526797e-03
-3.572155257210642035e-04
4.093098774693618158e-03
-3.959550065521235079e-04
4.710124154982080549e-03
-4.382522866618572066e-04
5.345014547075700208e-03
-4.828985627678164484e-04
6.009950602100879585e-03
-5.100241394046726821e-04
6.696345693737958821e-03
-5.325786295891725940e-04
7.408190712412729764e-03
-5.519615785909763551e-04
8.153432172889290078e-03
-5.331022287422030551e-04
8.935687466986613758e-03
-5.025997832039110717e-04
9.737858770039953954e-03
-4.203064734426296750e-04
1.056985743731665879e-02
-3.213681663773483035e-04
1.143956436384722941e-02
-2.196352067600864082e-04
1.235170415442870574e-02
-1.502544880752347978e-04
1.331629976608774552e-02
-1.790220727009899304e-04
1.433044428204717849e-02
-2.643679124667733618e-04
1.539530142606846709e-02
-3.577534644294505604e-04
1.648716681062276437e-02
-4.380724812772577551e-04
1.758960868834965816e-02
-4.897547388011629478e-04
1.869976438114800965e-02
-5.223194798849951697e-04
1.980926430869024354e-02
-5.390277145505910882e-04
2.091780834332758118e-02
-5.470988965304494737e-04
2.202608453429435661e-02
-5.509985962651855812e-04
2.313415176820896382e-02
-5.531237088870037677e-04
2.424207555681081802e-02
-5.557248088791139247e-04
1.941997220676642210e-04
-3.343070057660612357e-05
7.054578958758842651e-04
-1.208789067745932416e-04
1.225120042470039319e-03
-2.068912188485709470e-04
1.762502719411346893e-03
-2.866270159549707077e-04
2.325640512338817117e-03
-3.599364745391898891e-04
2.890453223704032154e-03
-4.284311966968629040e-04
3.469983019154181982e-03
-4.925155277252663824e-04
4.059979013652246019e-03
-5.505259819453670912e-04
4.665870419711923116e-03
-6.027165250856086681e-04
5.282268792867774593e-03
-6.593973436118218730e-04
5.915467074940756499e-03
-7.064637840839720680e-04
6.575677068688450151e-03
-7.333234779310633493e-04
7.255652299678933166e-03
-7.541782951538250884e-04
7.964795657854377084e-03
-7.444911586415323222e-04
8.705056268424561303e-03
-6.914803138014411713e-04
9.479949005336841747e-03
-5.866212626121485594e-04
1.030902661487806578e-02
-4.496159826930442313e-04
1.116207316913732719e-02
-2.972853296735508254e-04
1.210464959245086125e-02
-2.221111945158832065e-04
1.312957074800809656e-02
-2.457613316605486821e-04
1.424079642222824717e-02
-4.062128109953615034e-04
1.536071180015540286e-02
-5.349429303385571169e-04
1.648566389553992456e-02
-6.386596449874340931e-04
1.760187819320408603e-02
-7.021389571285067055e-04
1.871161420326249158e-02
-7.378302656778575096e-04
1.981868245877328391e-02
-7.578398373707255541e-04
2.092551371009371275e-02
-7.665228037931256502e-04
2.203221251954566584e-02
-7.709980902741057429e-04
2.313900550437117745e-02
-7.738635396525438571e-04
2.424656542953993257e-02
-7.767600231291412177e-04
1.983947067260435025e-04
-4.334605377786202062e-05
7.009524813793233588e-04
-1.560871262033154694e-04
1.226897033691948550e-03
-2.668430020665761918e-04
1.771880598759252015e-03
-3.698628747161886317e-04
2.324441711420916542e-03
-4.632116140771052942e-04
2.886257556219104774e-03
-5.457326054406660791e-04
3.454698678798569841e-03
-6.229002478545837699e-04
4.030195640769161126e-03
-6.930475262404420852e-04
4.611897671057520534e-03
-7.615264690908130681e-04
5.203118766318726857e-03
-8.236876996759584773e-04
5.803157257931420773e-03
-8.832108132909007123e-04
6.422710805585582494e-03
-9.275769468456351516e-04
7.059311150959004383e-03
-9.395704249266676692e-04
7.714947469279074578e-03
-9.467463562846237029e-04
8.392884376322792134e-03
-8.642762546473144961e-04
9.115885386551924804e-03
-7.537728907227953185e-04
9.882793749766936864e-03
-5.597524712117225854e-04
1.073003445773552597e-02
-3.642277255089360847e-04
1.171345805314154796e-02
-2.807157138793095193e-04
1.291303513466525270e-02
-3.962466059350202587e-04
1.415992224975278282e-02
-5.692371843533969127e-04
1.536604530769119202e-02
-7.476729856460523045e-04
1.651040145556508659e-02
-8.570092600661789262e-04
1.762556232983064283e-02
-9.195303789126390041e-04
1.873002493905734367e-02
-9.569490864339704568e-04
1.983169263342201422e-02
-9.757961833475678340e-04
2.093382312147567051e-02
-9.865511237653738254e-04
2.203800074330334799e-02
-9.907526908939268302e-04
2.314371859523411262e-02
-9.937532856899536794e-04
2.425059756496851515e-02
-9.972164001651865652e-04
1.950123183628845261e-04
-5.174947075718220728e-05
7.098948750497655882e-04
-1.942250219551350753e-04
1.243010066938274923e-03
-3.303403520305852768e-04
1.780126483810878443e-03
-4.547750997522182403e-04
2.330218609214938699e-03
-5.656797926365021451e-04
2.887695562189911396e-03
-6.604708040445480882e-04
3.443810102184293852e-03
-7.465966926034645762e-04
3.998002652900575250e-03
-8.323640738879482109e-04
4.558630980269213172e-03
-9.043424925133843875e-04
5.119672559399547976e-03
-9.715013342294334577e-04
5.681013905083047086e-03
-1.041956051171095488e-03
6.246772438227357442e-03
-1.108629843253262871e-03
6.824949213862777607e-03
-1.111597129569385795e-03
7.408848065268889248e-03
-1.103677474143188644e-03
8.006335805720155366e-03
-1.020638899050571331e-03
8.636422694367410294e-03
-9.123750425169539248e-04
9.267080179917324551e-03
-6.364156561049955129e-04
9.993739651757246878e-03
-3.642666373911068799e-04
1.999671697209939641e-04
-6.213611361340856014e-05
7.217960093931726807e-04
-2.350223262286600396e-04
1.252387567140757305e-03
-3.966027713583287410e-04
1.804221539219049569e-03
-5.438245086305847423e-04
2.351226234291192881e-03
-6.674553439294130105e-04
2.897358269078866445e-03
-7.741997031346925517e-04
3.440715447052632332e-03
-8.672105087734693039e-04
3.978129202670189178e-03
-9.526145747878880321e-04
4.507977555410084061e-03
-1.040806221695109342e-03
5.037546026687093892e-03
-1.110720372718817552e-03
5.559328995530693138e-03
-1.182166441640218005e-03
6.069702204838557311e-03
-1.244051584535261048e-03
6.570960124126839705e-03
-1.268389501522557399e-03
7.070317570837076834e-03
-1.231759553029398123e-03
7.564534494279639282e-03
-1.162998426356845819e-03
8.018731260536988981e-03
-9.636422556968894573e-04
8.462258096298771320e-03
-6.511523010366369185e-04
2.042659493379663351e-04
-7.394024210710588860e-05
7.390811796568133455e-04
-2.802206487716510093e-04
1.290478366571713807e-03
-4.743638534555051048e-04
1.841934697864260886e-03
-6.381458204972742998e-04
2.387680289061332693e-03
-7.700664161797653694e-04
2.924164904178236119e-03
-8.851953592756994392e-04
3.453075932171574634e-03
-9.770309936631947374e-04
3.970991107556059649e-03
-1.072205189537279437e-03
4.476607178678389427e-03
-1.150938281938293896e-03
4.969181732180277811e-03
-1.239754912843736394e-03
5.446097804794760786e-03
-1.299748738566087504e-03
5.901754565930348098e-03
-1.357522194708839442e-03
6.333520409510403487e-03
-1.376574749129030710e-03
6.740440467421691083e-03
-1.367447839698175292e-03
7.095333124976784672e-03
-1.232368163973866998e-03
7.400198812006773645e-03
-1.004613838235743524e-03
2.176624035189102387e-04
-8.908942608922504694e-05
7.721229482803603546e-04
-3.366822752206318609e-04
1.352014947482451995e-03
-5.663870672458661123e-04
1.907309996331949279e-03
-7.408688131995108716e-04
2.446482877214775035e-03
-8.747079257708385283e-04
2.971399760047557879e-03
-9.887877736830450164e-04
3.483946480805214137e-03
-1.086061162299339694e-03
3.983912343515081007e-03
-1.174827138623798454e-03
4.467190471941145241e-03
-1.258683330767828949e-03
4.929975567486004004e-03
-1.337721207858283802e-03
5.365931503421875366e-03
-1.404271229850508756e-03
5.769442043707714157e-03
-1.450625569134501554e-03
6.134405847902354124e-03
-1.474176714877114104e-03
6.443728873210506636e-03
-1.424590164498011451e-03
6.691543112355559202e-03
-1.286599111346888990e-03
6.845119289323310305e-03
-9.828399391370533887e-04
2.341838542114266675e-04
-1.020741850687987450e-04
8.748703791906985118e-04
-4.325472079314501383e-04
1.462041569531065833e-03
-6.724359848806351443e-04
2.001594782463053755e-03
-8.476724491798301019e-04
2.525910309122252669e-03
-9.774658961954488592e-04
3.037143354195543949e-03
-1.089469582906935421e-03
3.535627506723519001e-03
-1.185322996407958901e-03
4.022453003285422768e-03
-1.274504034044540495e-03
4.489188564887842091e-03
-1.354626397508922964e-03
4.929472668932061499e-03
-1.426038950845118485e-03
5.337162992334863916e-03
-1.490457354918327737e-03
5.694013718146741232e-03
-1.524176076194637321e-03
6.005145350915798083e-03
-1.548273835726096366e-03
6.220913954423239016e-03
-1.460912168384580125e-03
6.394139945255668950e-03
-1.315921711343795777e-03
6.443261615563480003e-03
-9.639460701678916011e-04
